Label,Data,Dissociation time,Displacement ,L_RMSD (nm),I_RMSD (nm),BSA 150,Results
Reference,1C0A,203.6,0.772,1.123,0.314,-5.221,1
Reference,1C0A,179.8,0.809,1.165,0.312,-5.631,1
Reference,1C0A,194.9,0.782,1.167,0.375,-5.272,1
Reference,1C0A,199.8,0.765,1.108,0.316,-3.566,1
Reference,1C0A,182.3,0.812,1.117,0.339,-5.951,1
Near-native,1C0A,132.8,1.137,1.65,0.529,-6.806,1
Near-native,1C0A,120.2,1.248,1.817,0.586,-6.702,1
Near-native,1C0A,133,1.123,1.435,0.438,-9.923,1
Near-native,1C0A,140.5,1.077,1.505,0.45,-5.674,1
Near-native,1C0A,124,1.221,1.539,0.413,-7.971,1
Near-native,1C0A,219.7,0.785,1.282,0.449,-2.992,1
Near-native,1C0A,172.5,0.893,1.506,0.481,-4.271,1
Near-native,1C0A,194.5,0.788,1.449,0.438,-3.77,1
Near-native,1C0A,179.2,0.931,1.528,0.541,-6.835,1
Near-native,1C0A,145.9,1.025,1.501,0.529,-7.253,1
Non-native,1C0A,60.6,2.363,5.484,0.741,-6.956,0
Non-native,1C0A,66.4,2.47,5.581,0.807,-8.861,0
Non-native,1C0A,72.6,2.099,4.168,0.799,-7.824,0
Non-native,1C0A,60.5,2.671,6.541,1,-9.976,0
Non-native,1C0A,67.2,2.302,5.395,0.751,-5.178,0
Non-native,1C0A,95,1.722,2.104,0.695,-11.67,0
Non-native,1C0A,90.9,1.823,2.308,0.758,-12.222,0
Non-native,1C0A,98.8,1.719,2.14,0.703,-9.866,0
Non-native,1C0A,99.2,1.748,2.126,0.657,-9.521,0
Non-native,1C0A,91,1.779,1.967,0.549,-10.439,0
Reference,1E8O,283.3,0.531,0.669,0.267,-3.419,1
Reference,1E8O,315,0.394,0.69,0.218,-3.239,1
Reference,1E8O,256.9,0.399,0.525,0.196,-2.462,1
Reference,1E8O,214.4,0.528,0.88,0.335,-6.906,1
Reference,1E8O,238.8,0.587,0.783,0.334,-5.587,1
Near-native,1E8O,197.8,0.6,0.727,0.276,-8.034,1
Near-native,1E8O,168,0.898,1.174,0.482,-9.849,1
Near-native,1E8O,115.2,2.004,2.102,1.006,-16.221,1
Near-native,1E8O,169.2,0.863,0.954,0.408,-8.79,1
Near-native,1E8O,145.4,1.058,1.382,0.564,-9.842,1
Near-native,1E8O,161.7,0.918,1.405,0.512,-9.73,1
Near-native,1E8O,124.6,1.367,1.804,0.742,-14.144,1
Near-native,1E8O,99.3,1.707,2.155,0.874,-15.944,1
Near-native,1E8O,156.6,0.93,1.39,0.496,-10.624,1
Near-native,1E8O,126.6,1.394,1.669,0.746,-13.007,1
Non-native,1E8O,146,1.076,1.621,0.622,-13.925,0
Non-native,1E8O,108.7,1.745,2.251,0.931,-14.653,0
Non-native,1E8O,117.1,1.475,1.934,0.774,-12.993,0
Non-native,1E8O,102.2,1.831,2.304,0.991,-17.164,0
Non-native,1E8O,114.5,2.087,2.61,1.1,-17.239,0
Non-native,1E8O,104.3,1.999,2.221,1.033,-16.227,0
Non-native,1E8O,131.5,1.192,1.417,0.573,-11.862,0
Non-native,1E8O,134,1.282,1.508,0.652,-14.582,0
Non-native,1E8O,116.6,1.544,1.691,0.773,-14.705,0
Non-native,1E8O,115.5,1.467,2.197,0.788,-15.238,0
Reference,1F7Y,500,0.416,0.757,0.395,-1.886,1
Reference,1F7Y,500,0.532,0.957,0.29,-1.212,1
Reference,1F7Y,450,0.475,0.776,0.168,-1.663,1
Reference,1F7Y,312.3,0.488,0.85,0.267,-0.844,1
Reference,1F7Y,490,0.439,0.906,0.424,-1.077,1
Near-native,1F7Y,318.3,0.62,1.091,0.536,-3.395,1
Near-native,1F7Y,349.9,0.495,0.791,0.388,-1.463,1
Near-native,1F7Y,333.9,0.587,1.243,0.673,-3.493,1
Near-native,1F7Y,373.1,0.601,1.254,0.63,-0.261,1
Near-native,1F7Y,285.6,0.52,0.715,0.37,-1.987,1
Near-native,1F7Y,156.5,1.006,1.764,0.351,-8.982,1
Near-native,1F7Y,102.9,1.912,2.871,0.978,-15.635,1
Near-native,1F7Y,115,1.736,2.335,0.866,-16.857,1
Near-native,1F7Y,198.9,0.75,1.181,0.418,-3.981,1
Near-native,1F7Y,121,1.46,2.221,0.751,-14.099,1
Non-native,1F7Y,107.1,1.479,2.042,0.756,-14.657,0
Non-native,1F7Y,92.4,2.036,2.467,1.064,-20.66,0
Non-native,1F7Y,138.2,1.152,1.445,0.688,-15.536,0
Non-native,1F7Y,103.9,1.766,2.011,0.865,-21.317,0
Non-native,1F7Y,132.6,1.253,1.395,0.61,-17.379,0
Non-native,1F7Y,111,1.55,1.925,0.697,-21.547,0
Non-native,1F7Y,122.8,1.509,2.044,0.658,-19.114,0
Non-native,1F7Y,122.7,1.385,1.979,0.622,-19.722,0
Non-native,1F7Y,121.9,1.311,1.731,0.778,-21.235,0
Non-native,1F7Y,128.2,1.397,2.157,0.659,-14.337,0
Reference,1FFY,265.1,0.628,0.816,0.21,-1.027,1
Reference,1FFY,232.4,0.627,0.812,0.21,-4.374,1
Reference,1FFY,261.3,0.664,0.893,0.254,-2.851,1
Reference,1FFY,246.2,0.75,1.018,0.274,-4.897,1
Reference,1FFY,223.1,0.675,0.895,0.236,-3.5,1
Near-native,1FFY,211.1,0.678,1.202,0.446,-11.434,1
Near-native,1FFY,183.2,0.862,1.31,0.469,-10.533,1
Near-native,1FFY,184.4,0.802,1.197,0.446,-11.705,1
Near-native,1FFY,244.9,0.675,1.16,0.483,-6.902,1
Near-native,1FFY,244,0.748,1.096,0.439,-10.578,1
Near-native,1FFY,230.8,0.723,0.978,0.365,-4.033,1
Near-native,1FFY,241.9,0.624,0.793,0.258,-8.045,1
Near-native,1FFY,215.8,0.705,0.86,0.262,-10.562,1
Near-native,1FFY,171.8,0.821,1.204,0.46,-8.993,1
Near-native,1FFY,199.9,0.777,1.022,0.246,-11.672,1
Non-native,1FFY,185.3,0.87,1.392,0.594,-9.864,0
Non-native,1FFY,174.4,0.859,1.264,0.489,-10.043,0
Non-native,1FFY,173.9,0.852,1.022,0.47,-12.123,0
Non-native,1FFY,160.8,0.951,1.071,0.378,-16.775,0
Non-native,1FFY,174.9,0.789,0.932,0.301,-7.217,0
Non-native,1FFY,76.9,1.846,2.337,0.933,-7.142,0
Non-native,1FFY,79.7,1.922,2.172,0.902,-9.917,0
Non-native,1FFY,79.6,1.834,2.187,0.803,-12.345,0
Non-native,1FFY,96,1.595,2.036,0.827,-7.503,0
Non-native,1FFY,67.5,1.961,2.382,0.864,-6.43,0
Reference,1G1X,93.1,1.618,2.715,0.523,-4.81,1
Reference,1G1X,82.2,1.644,3.032,0.464,-2.976,1
Reference,1G1X,92.7,1.505,2.39,0.538,-4.07,1
Reference,1G1X,87.9,1.557,2.909,0.446,-1.614,1
Reference,1G1X,80.9,1.654,2.934,0.579,-3.543,1
Near-native,1G1X,94,1.464,2.259,0.492,-2.884,1
Near-native,1G1X,79.9,1.479,2.287,0.511,-5.648,1
Near-native,1G1X,87.9,1.561,2.641,0.469,-0.161,1
Near-native,1G1X,83.4,1.451,2.291,0.503,-6.199,1
Near-native,1G1X,84.8,1.502,2.437,0.509,-4.628,1
Near-native,1G1X,79.1,1.722,2.377,0.668,-5.252,1
Near-native,1G1X,92.5,1.495,2.211,0.57,-2.528,1
Near-native,1G1X,88.1,1.516,2.116,0.548,-5.89,1
Near-native,1G1X,72,1.684,2.498,0.603,-6.782,1
Near-native,1G1X,67.8,1.795,2.383,0.597,-6.694,1
Non-native,1G1X,67.3,2.395,3.475,0.896,-9.568,0
Non-native,1G1X,62.6,2.343,3.509,0.901,-8.011,0
Non-native,1G1X,62.3,2.22,3.517,0.864,-6.904,0
Non-native,1G1X,68.8,2.023,2.933,0.809,-4.864,0
Non-native,1G1X,59.2,2.163,3.291,0.9,-6.019,0
Non-native,1G1X,77.8,1.807,2.428,0.663,-6.678,0
Non-native,1G1X,74.9,1.765,2.586,0.651,-5.43,0
Non-native,1G1X,76.6,1.914,2.496,0.756,-10.018,0
Non-native,1G1X,83.8,1.862,2.342,0.73,-8.398,0
Non-native,1G1X,78.3,1.91,2.449,0.752,-10.847,0
Reference,1GAX,302,0.532,0.944,0.446,-10.381,1
Reference,1GAX,229.5,0.594,0.747,0.351,-10.476,1
Reference,1GAX,300,0.52,0.947,0.503,-8.32,1
Reference,1GAX,245.9,0.545,0.681,0.297,-8.972,1
Reference,1GAX,262.7,0.635,0.816,0.361,-11.613,1
Near-native,1GAX,253.3,0.55,0.901,0.439,-8.064,1
Near-native,1GAX,278.3,0.486,0.906,0.476,-9.965,1
Near-native,1GAX,196.3,0.485,0.953,0.47,-8.425,1
Near-native,1GAX,229.7,0.678,1.035,0.49,-11.591,1
Near-native,1GAX,219,0.637,1.038,0.522,-12.106,1
Near-native,1GAX,170.6,0.883,1.033,0.475,-9.696,1
Near-native,1GAX,195,0.792,0.924,0.404,-8.508,1
Near-native,1GAX,176.5,0.79,1.075,0.486,-11.876,1
Near-native,1GAX,233.7,0.627,0.772,0.38,-4.618,1
Near-native,1GAX,144.4,1.04,1.232,0.541,-11.643,1
Non-native,1GAX,128.9,1.182,1.318,0.526,-8.019,0
Non-native,1GAX,110.1,1.438,1.464,0.592,-13.044,0
Non-native,1GAX,114.2,1.339,1.458,0.609,-12.044,0
Non-native,1GAX,101.6,1.574,1.65,0.707,-9.554,0
Non-native,1GAX,150,1.009,1.165,0.509,-12.76,0
Non-native,1GAX,119.7,1.354,1.623,0.718,-11.109,0
Non-native,1GAX,106.5,1.505,1.82,0.826,-11.317,0
Non-native,1GAX,121.4,1.248,1.443,0.618,-11.288,0
Non-native,1GAX,102.4,1.468,1.735,0.766,-10.882,0
Non-native,1GAX,104.8,1.386,1.532,0.699,-10.903,0
Reference,1J1U,56.4,2.769,3.349,1.09,-1.829,1
Reference,1J1U,56.9,2.778,3.504,1.108,-2.27,1
Reference,1J1U,62.6,2.771,3.428,1.072,-2.71,1
Reference,1J1U,55.6,2.644,3.222,1.14,-2.665,1
Reference,1J1U,56.2,2.794,3.362,1.206,-1.622,1
Near-native,1J1U,57,2.782,3.34,1.116,-3.025,1
Near-native,1J1U,62,2.778,3.399,1.028,-4.118,1
Near-native,1J1U,50.8,2.983,3.613,1.211,-0.823,1
Near-native,1J1U,49.6,2.998,3.633,1.307,-4.671,1
Near-native,1J1U,51.5,2.784,3.328,1.168,-1.919,1
Near-native,1J1U,48.6,2.938,3.553,1.248,-2.353,1
Near-native,1J1U,50.7,2.815,3.77,1.26,-3.252,1
Near-native,1J1U,49.2,2.951,3.629,1.224,-0.081,1
Near-native,1J1U,55.7,2.801,3.301,1.164,-0.493,1
Near-native,1J1U,53.1,2.965,3.653,1.214,-1.143,1
Non-native,1J1U,49.8,3.079,3.718,0.934,-4.746,0
Non-native,1J1U,47.5,2.919,3.498,0.925,-5.314,0
Non-native,1J1U,45.9,3.005,3.53,1.02,-6.507,0
Non-native,1J1U,42.6,3.533,4.001,1.258,-8.75,0
Non-native,1J1U,47.1,3.365,4.134,1.069,-6.074,0
Non-native,1J1U,44.4,3.245,4.106,0.923,-4.195,0
Non-native,1J1U,40.1,3.063,3.66,0.89,-4.654,0
Non-native,1J1U,43.4,3.289,4.179,0.742,-4.324,0
Non-native,1J1U,45.3,3.192,4.131,0.87,-5.484,0
Non-native,1J1U,42.9,3.118,3.699,0.801,-4.357,0
Reference,1JBS,81.8,3.993,4.204,2.048,-14.965,1
Reference,1JBS,84.3,3.663,3.733,1.748,-16.409,1
Reference,1JBS,98.7,2.17,2.404,1.066,-15.407,1
Reference,1JBS,84,3.306,3.441,1.574,-15.849,1
Reference,1JBS,81.3,4.21,4.298,2.081,-14.607,1
Near-native,1JBS,89.1,2.892,3.048,1.426,-18.95,1
Near-native,1JBS,73.5,4.149,4.375,2.02,-18.255,1
Near-native,1JBS,77.7,3.348,3.523,1.642,-18.744,1
Near-native,1JBS,79.7,3.694,3.782,1.758,-17.701,1
Near-native,1JBS,70,4.118,4.192,1.994,-17.826,1
Near-native,1JBS,99.1,1.5,2.363,0.912,-10.05,1
Near-native,1JBS,80,2.351,2.941,1.174,-15.429,1
Near-native,1JBS,86.2,3.522,3.649,1.645,-17.948,1
Near-native,1JBS,97.8,2.31,2.794,1.221,-17.603,1
Near-native,1JBS,65.9,4.078,4.362,2.004,-18.217,1
Non-native,1JBS,49.4,5.501,5.829,2.542,-13.829,0
Non-native,1JBS,51.9,5.49,5.588,2.648,-14.409,0
Non-native,1JBS,69.3,4.132,4.392,1.978,-15.666,0
Non-native,1JBS,61.3,4.923,5.245,2.454,-14.176,0
Non-native,1JBS,59.6,3.85,4.265,1.866,-13.41,0
Non-native,1JBS,66.5,4.337,4.538,2.004,-16.602,0
Non-native,1JBS,52,5.314,5.742,2.526,-14.407,0
Non-native,1JBS,49.3,6.065,6.329,2.887,-12.553,0
Non-native,1JBS,48.3,6.02,6.392,2.863,-13.894,0
Non-native,1JBS,50.5,5.276,5.784,2.509,-13.923,0
Reference,1JID,128.1,1.482,1.961,0.824,-6.519,1
Reference,1JID,134.4,1.332,1.901,0.768,-7.424,1
Reference,1JID,118.1,1.635,2.481,0.921,-8.973,1
Reference,1JID,102.6,1.893,2.833,1.119,-8.519,1
Reference,1JID,148.5,1.037,1.444,0.537,-8.943,1
Near-native,1JID,89.3,4.264,4.779,2.021,-12.059,1
Near-native,1JID,76.3,4.477,4.833,2.114,-13.737,1
Near-native,1JID,99.5,3.244,3.621,1.499,-12.542,1
Near-native,1JID,67.2,4.134,4.982,1.993,-11.476,1
Near-native,1JID,104.8,2.728,3.296,1.286,-12.75,1
Near-native,1JID,85.8,3.436,4.408,1.719,-14.028,1
Near-native,1JID,80.7,2.592,3.849,1.535,-10.228,1
Near-native,1JID,80.1,4.036,4.432,2.056,-12.964,1
Near-native,1JID,62,4.594,5.037,2.293,-13.617,1
Near-native,1JID,102.9,1.933,2.793,1.08,-5.4,1
Non-native,1JID,47.5,5.96,7.5,2.85,-13.7,0
Non-native,1JID,70.3,3.872,6.271,1.756,-15.295,0
Non-native,1JID,88.3,2.307,4.577,0.965,-11.019,0
Non-native,1JID,57.8,5.148,8.829,2.471,-12.865,0
Non-native,1JID,54.8,5.458,8.483,2.621,-14.69,0
Non-native,1JID,47.8,5.82,6.1596,2.6411,-13.624,0
Non-native,1JID,48.5,4.56,4.886,2,-12.872,0
Non-native,1JID,49.7,5.97,6.9,2.8073,-13.681,0
Non-native,1JID,47.5,6.08,6.306,2.6184,-13.348,0
Non-native,1JID,52.8,5.53,6.137,2.5157,-15.846,0
Reference,1LNG,118.9,1.207,2.564,0.244,-2.735,1
Reference,1LNG,145.4,1.056,2.524,0.168,-1.803,1
Reference,1LNG,120.7,1.055,2.878,0.109,-0.677,1
Reference,1LNG,123.7,1.248,2.707,0.416,-1.677,1
Reference,1LNG,133,1.036,3.038,0.174,-1.831,1
Near-native,1LNG,110.2,1.418,2.096,0.705,-3.351,1
Near-native,1LNG,96.2,1.232,1.964,0.645,-2.639,1
Near-native,1LNG,115.8,1.213,1.889,0.596,-2.292,1
Near-native,1LNG,118.3,1.133,1.922,0.684,-0.184,1
Near-native,1LNG,84.7,1.527,2.369,0.793,-5.388,1
Near-native,1LNG,98.1,1.317,2.411,0.22,-2.089,1
Near-native,1LNG,94.4,1.539,2.602,0.539,-6.942,1
Near-native,1LNG,127.1,1.156,1.999,0.192,-1.874,1
Near-native,1LNG,98.6,1.59,2.724,0.691,-7.159,1
Near-native,1LNG,103.2,1.434,2.498,0.573,-2.651,1
Non-native,1LNG,63.6,2.313,3.305,0.977,-10.526,0
Non-native,1LNG,64.2,2.328,3.687,1.089,-6.242,0
Non-native,1LNG,55.7,2.765,3.763,1.272,-9.687,0
Non-native,1LNG,72.6,2.365,3.498,1.096,-9.838,0
Non-native,1LNG,63.4,2.358,3.069,1.065,-7.412,0
Non-native,1LNG,76.8,2.172,2.845,0.877,-13.773,0
Non-native,1LNG,90.5,1.992,2.728,0.88,-14.284,0
Non-native,1LNG,94.5,1.673,1.984,0.723,-13.79,0
Non-native,1LNG,89,2.004,2.613,0.863,-13.171,0
Non-native,1LNG,101,1.682,2.714,0.661,-15.342,0
Reference,1MMS,157,0.959,1.613,0.663,-8.779,1
Reference,1MMS,157.1,0.951,1.521,0.695,-4.695,1
Reference,1MMS,153,1.005,1.72,0.708,-7.636,1
Reference,1MMS,213,0.66,1.094,0.468,-7.027,1
Reference,1MMS,157,0.969,1.717,0.689,-5.474,1
Near-native,1MMS,173.7,0.793,1.256,0.522,-11.491,1
Near-native,1MMS,173.2,0.775,1.272,0.577,-10.788,1
Near-native,1MMS,185.2,0.733,1.27,0.484,-11.409,1
Near-native,1MMS,179.9,0.857,1.149,0.548,-10.196,1
Near-native,1MMS,166.8,0.812,1.311,0.579,-13.027,1
Near-native,1MMS,196.8,0.536,0.847,0.314,-12.618,1
Near-native,1MMS,143.2,1.039,1.565,0.679,-8.05,1
Near-native,1MMS,130.7,1.188,1.623,0.688,-13.285,1
Near-native,1MMS,185.5,0.652,0.862,0.4,-12.247,1
Near-native,1MMS,118.3,1.48,1.87,0.816,-11.702,1
Non-native,1MMS,95.4,1.756,2.094,0.918,-14.299,0
Non-native,1MMS,123.6,1.348,2.133,0.753,-13.639,0
Non-native,1MMS,109.4,1.602,2.091,0.874,-16.866,0
Non-native,1MMS,115.3,1.366,1.828,0.734,-14.218,0
Non-native,1MMS,135.1,1.176,1.912,0.595,-11.771,0
Non-native,1MMS,97.5,2.219,2.306,1.115,-20.321,0
Non-native,1MMS,94.6,2.227,2.737,1.227,-15.042,0
Non-native,1MMS,118.4,1.596,1.769,0.816,-18.64,0
Non-native,1MMS,108.5,1.992,2.148,1.035,-19.115,0
Non-native,1MMS,155.9,0.923,1.189,0.517,-12.839,0
Reference,1N78,360.1,0.464,0.653,0.203,-5.728,1
Reference,1N78,331.7,0.526,0.717,0.26,-6.047,1
Reference,1N78,400,0.455,0.601,0.262,-4.776,1
Reference,1N78,281.2,0.53,0.746,0.23,-7.843,1
Reference,1N78,282.6,0.577,0.827,0.256,-7.667,1
Near-native,1N78,325.6,0.489,0.765,0.282,-8.926,1
Near-native,1N78,316.9,0.453,0.624,0.2,-6.796,1
Near-native,1N78,352.2,0.382,0.539,0.196,-4.204,1
Near-native,1N78,296.1,0.513,0.737,0.245,-7.523,1
Near-native,1N78,400,0.428,0.614,0.213,-3.154,1
Near-native,1N78,189.6,0.772,1.154,0.542,-11.027,1
Near-native,1N78,216.2,0.614,0.974,0.461,-9.191,1
Near-native,1N78,168.2,0.867,1.083,0.429,-9.874,1
Near-native,1N78,191.4,0.779,1.053,0.419,-10.37,1
Near-native,1N78,178.8,0.827,1.179,0.535,-11.869,1
Non-native,1N78,113.3,1.282,1.771,0.773,-9.778,0
Non-native,1N78,128.4,1.239,1.642,0.74,-9.839,0
Non-native,1N78,143.1,1.062,1.459,0.687,-9.219,0
Non-native,1N78,124.9,1.266,1.588,0.756,-13.636,0
Non-native,1N78,110.6,1.419,1.781,0.863,-11.786,0
Non-native,1N78,127.3,1.179,1.391,0.635,-10.126,0
Non-native,1N78,115.6,1.353,1.502,0.679,-11.222,0
Non-native,1N78,154.2,0.969,1.258,0.484,-13.873,0
Non-native,1N78,134.6,1.118,1.462,0.55,-8.189,0
Non-native,1N78,135.2,1.198,1.512,0.577,-8.576,0
Reference,1QTQ,450,0.252,0.387,0.187,-3.302,1
Reference,1QTQ,404,0.322,0.488,0.197,-3.114,1
Reference,1QTQ,445,0.312,0.431,0.167,-4.81,1
Reference,1QTQ,340.3,0.381,0.538,0.2,-3.597,1
Reference,1QTQ,359.3,0.37,0.537,0.203,-4.054,1
Near-native,1QTQ,367.4,0.277,0.458,0.219,-6.876,1
Near-native,1QTQ,369.6,0.388,0.632,0.175,-3.953,1
Near-native,1QTQ,439.6,0.331,0.458,0.19,-4.547,1
Near-native,1QTQ,341.4,0.338,0.535,0.197,-5.064,1
Near-native,1QTQ,323.4,0.349,0.567,0.153,-2.146,1
Near-native,1QTQ,260,0.463,0.687,0.331,-14.122,1
Near-native,1QTQ,209.3,0.636,0.835,0.39,-9.365,1
Near-native,1QTQ,188.9,0.66,0.951,0.482,-13.335,1
Near-native,1QTQ,183.7,0.676,0.804,0.378,-15.041,1
Near-native,1QTQ,149.3,1.02,1.228,0.548,-9.76,1
Non-native,1QTQ,96.3,1.699,2.126,0.725,-10.178,0
Non-native,1QTQ,122.7,1.273,1.641,0.557,-10.711,0
Non-native,1QTQ,97.9,1.677,2.054,0.704,-11.939,0
Non-native,1QTQ,98,1.62,1.93,0.689,-11.138,0
Non-native,1QTQ,87.4,1.876,2.233,0.771,-7.123,0
Non-native,1QTQ,112.6,1.409,1.646,0.678,-14.789,0
Non-native,1QTQ,145.3,1.049,1.334,0.515,-13.875,0
Non-native,1QTQ,125.7,1.304,1.443,0.519,-12.492,0
Non-native,1QTQ,118.1,1.339,1.538,0.577,-17.572,0
Non-native,1QTQ,123.3,1.259,1.478,0.618,-16.233,0
Reference,1R3E,163.7,0.834,1.16,0.348,-7.596,1
Reference,1R3E,155.2,0.899,1.164,0.428,-6.526,1
Reference,1R3E,170.2,0.733,1.101,0.355,-7.208,1
Reference,1R3E,124.6,1.478,1.871,0.679,-8.556,1
Reference,1R3E,142.2,1.118,1.441,0.505,-6.704,1
Near-native,1R3E,229.7,0.469,0.645,0.22,-4.651,1
Near-native,1R3E,174.9,0.712,0.986,0.363,-8.237,1
Near-native,1R3E,201.5,0.684,1.006,0.383,-4.959,1
Near-native,1R3E,157.4,0.914,1.172,0.5,-6.965,1
Near-native,1R3E,179.3,0.734,1.006,0.393,-7.039,1
Near-native,1R3E,139.2,1.106,1.558,0.595,-7.013,1
Near-native,1R3E,167.7,0.853,1.383,0.549,-7.831,1
Near-native,1R3E,165,0.902,1.324,0.545,-8.18,1
Near-native,1R3E,153.4,0.96,1.403,0.561,-8.325,1
Near-native,1R3E,160.9,0.872,1.297,0.522,-9.273,1
Non-native,1R3E,151.1,0.978,1.524,0.514,-10.804,0
Non-native,1R3E,104.2,1.432,1.951,0.779,-11.589,0
Non-native,1R3E,111,1.555,2.091,0.74,-12.995,0
Non-native,1R3E,119.7,1.508,1.929,0.785,-14.612,0
Non-native,1R3E,133.4,1.215,1.895,0.661,-7.658,0
Non-native,1R3E,99.8,1.713,2.145,0.721,-7.5,0
Non-native,1R3E,96.5,1.755,2.272,0.805,-10.138,0
Non-native,1R3E,93.4,1.739,2.215,0.741,-9.43,0
Non-native,1R3E,89.4,1.934,2.514,0.844,-8.359,0
Non-native,1R3E,96.8,1.823,2.286,0.795,-8.455,0
Reference,1S03,187.9,0.677,0.906,0.491,-8.604,1
Reference,1S03,198.6,0.708,0.981,0.33,-3.655,1
Reference,1S03,217,0.586,1.049,0.438,-2.784,1
Reference,1S03,197.7,0.609,0.897,0.512,-5.169,1
Reference,1S03,206.6,0.634,0.975,0.542,-6.168,1
Near-native,1S03,93.1,2.401,2.844,1.4,-15.697,1
Near-native,1S03,98.1,1.979,2.957,1.11,-12.337,1
Near-native,1S03,92.7,2.359,3.401,1.213,-14.323,1
Near-native,1S03,114.2,1.557,2.219,1.001,-14.131,1
Near-native,1S03,115.6,1.75,2.514,1.018,-15.641,1
Near-native,1S03,153.5,0.989,1.691,0.746,-11.286,1
Near-native,1S03,114.9,1.826,1.917,0.944,-18.465,1
Near-native,1S03,115.4,1.936,2.159,0.99,-17.315,1
Near-native,1S03,91.7,2.599,2.774,1.316,-17.612,1
Near-native,1S03,80.7,1.544,3.164,1.578,-15.053,1
Non-native,1S03,108.2,2.16,2.425,1.17,-18.559,0
Non-native,1S03,81.1,2.16,3.26,1.58,-18.852,0
Non-native,1S03,85.2,2.16,3.285,1.613,-20.267,0
Non-native,1S03,137.9,1.188,1.397,0.651,-18.1,0
Non-native,1S03,85.9,1.188,3.264,1.618,-18.541,0
Non-native,1S03,59.6,3.408,4.928,1.686,-15.678,0
Non-native,1S03,62.7,3.408,5.398,1.838,-18.459,0
Non-native,1S03,61.9,3.863,5.662,1.887,-18.135,0
Non-native,1S03,67.2,3.661,4.763,1.73,-17.982,0
Non-native,1S03,60.1,3.661,5.519,2.051,-19.168,0
Reference,2ZM5,106.6,1.367,2.171,0.393,-5.262,1
Reference,2ZM5,110.9,1.232,1.683,0.331,-3.171,1
Reference,2ZM5,98.9,1.468,2.316,0.475,-7.537,1
Reference,2ZM5,121.3,1.215,2.015,0.363,-6.936,1
Reference,2ZM5,91.9,1.428,2.073,0.41,-6.01,1
Near-native,2ZM5,94.2,1.624,2.061,0.537,-7.471,1
Near-native,2ZM5,77.1,1.622,2.272,0.551,-7.504,1
Near-native,2ZM5,86.1,1.465,2.051,0.487,-3.58,1
Near-native,2ZM5,79.5,1.629,2.669,0.574,-6.4,1
Near-native,2ZM5,76.4,1.573,2.179,0.56,-7.506,1
Near-native,2ZM5,87.9,1.643,2.469,0.654,-8.748,1
Near-native,2ZM5,91,1.489,2.202,0.582,-8.305,1
Near-native,2ZM5,83.7,1.728,2.514,0.677,-6.785,1
Near-native,2ZM5,96.5,1.511,2.204,0.605,-8.919,1
Near-native,2ZM5,82.2,1.652,2.416,0.651,-9.94,1
Non-native,2ZM5,69.8,2.151,2.837,0.578,-8.775,0
Non-native,2ZM5,66.9,2.146,2.814,0.589,-10.031,0
Non-native,2ZM5,66.5,2.097,3.006,0.653,-11.181,0
Non-native,2ZM5,60.3,2.294,3.002,0.636,-12.628,0
Non-native,2ZM5,67.7,2.179,2.748,0.609,-10.82,0
Non-native,2ZM5,61.2,2.61,2.809,1.043,-14.147,0
Non-native,2ZM5,62.8,2.241,2.907,0.838,-8.339,0
Non-native,2ZM5,65.8,2.463,3.045,0.926,-8.303,0
Non-native,2ZM5,57.4,2.528,3.122,1.008,-11.119,0
Non-native,2ZM5,65.3,2.399,2.717,0.863,-10.342,0
Reference,2ZUE,295.1,0.416,0.74,0.334,-11.114,1
Reference,2ZUE,292.2,0.459,0.675,0.291,-11.913,1
Reference,2ZUE,316,0.378,0.584,0.291,-12.914,1
Reference,2ZUE,332,0.355,0.582,0.274,-9.689,1
Reference,2ZUE,332.2,0.46,0.803,0.358,-6.975,1
Near-native,2ZUE,356,0.535,0.91,0.419,-9.937,1
Near-native,2ZUE,335.1,0.419,0.675,0.318,-10.792,1
Near-native,2ZUE,321.6,0.461,0.778,0.371,-7.799,1
Near-native,2ZUE,285.6,0.494,0.82,0.382,-10.246,1
Near-native,2ZUE,327.2,0.541,0.878,0.386,-10.418,1
Near-native,2ZUE,178.8,0.793,1.005,0.465,-12.491,1
Near-native,2ZUE,235.6,0.677,1.036,0.412,-5.144,1
Near-native,2ZUE,232.9,0.721,1,0.421,-7.189,1
Near-native,2ZUE,203.4,0.706,0.916,0.411,-9.493,1
Near-native,2ZUE,177.4,0.777,1.117,0.491,-13.936,1
Non-native,2ZUE,147.4,1.027,1.356,0.516,-17.673,0
Non-native,2ZUE,168.5,0.908,1.154,0.463,-14.731,0
Non-native,2ZUE,190.4,0.817,1.199,0.457,-10.709,0
Non-native,2ZUE,177.8,0.825,1.073,0.384,-13.802,0
Non-native,2ZUE,158.9,0.962,1.302,0.547,-12.319,0
Non-native,2ZUE,112.4,1.334,2.132,0.49,-14.593,0
Non-native,2ZUE,122.1,1.335,1.553,0.566,-11.568,0
Non-native,2ZUE,103.1,1.497,1.978,0.601,-12.068,0
Non-native,2ZUE,106.8,1.573,2.719,0.642,-12.494,0
Non-native,2ZUE,98.2,1.566,1.868,0.612,-13.214,0
Reference,3DD2,400,0.322,0.485,0.237,-2.573,1
Reference,3DD2,259,0.56,0.77,0.356,-5.125,1
Reference,3DD2,304.3,0.419,0.693,0.308,-2.02,1
Reference,3DD2,206.9,0.581,0.724,0.344,-7.302,1
Reference,3DD2,252.5,0.362,0.541,0.293,-3.472,1
Near-native,3DD2,190.4,0.649,1.158,0.427,-7.854,1
Near-native,3DD2,138.1,1.267,1.79,0.779,-11.838,1
Near-native,3DD2,182.8,0.678,0.989,0.416,-6.73,1
Near-native,3DD2,176.7,0.688,1.067,0.426,-9.362,1
Near-native,3DD2,198.9,0.667,1.004,0.36,-8.647,1
Near-native,3DD2,207.6,0.77,0.989,0.372,-7.956,1
Near-native,3DD2,175.7,0.777,1.031,0.505,-11.827,1
Near-native,3DD2,187.8,0.562,0.825,0.376,-7.406,1
Near-native,3DD2,187.8,0.401,0.758,0.34,-6.598,1
Near-native,3DD2,303.4,0.472,0.852,0.325,-5.329,1
Non-native,3DD2,97.4,3.194,3.267,1.6,-17.542,0
Non-native,3DD2,102.8,2.716,2.889,1.376,-18.358,0
Non-native,3DD2,80.4,3.298,3.443,1.62,-17.817,0
Non-native,3DD2,68.7,4.272,4.574,2.119,-18.309,0
Non-native,3DD2,111.1,2.436,2.669,1.214,-17.251,0
Non-native,3DD2,83.6,3.265,3.64,1.552,-19.491,0
Non-native,3DD2,94.5,2.752,3.145,1.314,-17.921,0
Non-native,3DD2,77.5,3.904,4.196,1.91,-16.791,0
Non-native,3DD2,81.2,3.733,4.146,1.791,-16.711,0
Non-native,3DD2,97.1,3.028,3.44,1.419,-18.135,0
Reference,3EPH,174.8,0.822,1.288,0.354,-4.822,1
Reference,3EPH,165.6,0.92,1.424,0.364,-7.815,1
Reference,3EPH,138.9,1.067,1.676,0.489,-5.971,1
Reference,3EPH,147.6,1.048,1.725,0.49,-5.544,1
Reference,3EPH,164.3,0.988,1.688,0.458,-0.184,1
Near-native,3EPH,161,1.012,1.562,0.453,-6.504,1
Near-native,3EPH,163.2,0.939,1.466,0.396,-2.984,1
Near-native,3EPH,122,1.073,1.842,0.508,-4.395,1
Near-native,3EPH,162.5,0.961,1.81,0.454,-2.276,1
Near-native,3EPH,152.5,0.956,1.57,0.403,-6.456,1
Near-native,3EPH,152.5,0.71,1.199,0.361,-2.721,1
Near-native,3EPH,158.2,0.943,1.654,0.477,-4.726,1
Near-native,3EPH,110,1.257,1.822,0.574,-7.293,1
Near-native,3EPH,155.9,0.985,1.624,0.518,-6.807,1
Near-native,3EPH,142.8,1.035,1.667,0.534,-7.181,1
Non-native,3EPH,110.4,1.32,1.7,0.544,-9.687,0
Non-native,3EPH,120.8,1.203,1.757,0.518,-5.686,0
Non-native,3EPH,121.4,1.236,1.891,0.558,-7.057,0
Non-native,3EPH,93.4,1.556,2.439,0.707,-8.835,0
Non-native,3EPH,127.7,1.198,1.826,0.57,-7.302,0
Non-native,3EPH,109.4,1.416,1.821,0.594,-10.441,0
Non-native,3EPH,100.9,1.356,1.747,0.574,-9.832,0
Non-native,3EPH,127.4,1.178,1.615,0.51,-7.878,0
Non-native,3EPH,95.2,1.545,1.878,0.7,-13.417,0
Non-native,3EPH,117.9,1.343,1.645,0.546,-8.512,0
Reference,3OL9,293.1,0.746,1.337,0.635,-4.432,1
Reference,3OL9,240.1,0.711,1.342,0.597,-6.716,1
Reference,3OL9,215,0.749,1.388,0.638,-5.041,1
Reference,3OL9,205.2,0.761,1.404,0.626,-5.838,1
Reference,3OL9,310,0.605,1.239,0.561,-7.275,1
Near-native,3OL9,218.7,0.757,1.606,0.698,-7.3,1
Near-native,3OL9,241,0.748,1.628,0.724,-4.796,1
Near-native,3OL9,260.8,0.61,1.392,0.613,-6.855,1
Near-native,3OL9,202.3,0.884,1.7,0.728,-7.016,1
Near-native,3OL9,215.1,0.71,1.471,0.645,-5.084,1
Near-native,3OL9,262.8,0.75,1.323,0.611,-8.988,1
Near-native,3OL9,269.9,0.663,1.338,0.589,-7.948,1
Near-native,3OL9,235.2,0.669,1.111,0.522,-7.296,1
Near-native,3OL9,210.6,0.777,1.429,0.694,-5.826,1
Near-native,3OL9,236.1,0.785,1.486,0.724,-4.812,1
Non-native,3OL9,76.6,2.463,2.9,1.232,-9.326,0
Non-native,3OL9,76.1,2.659,3.162,1.407,-10.433,0
Non-native,3OL9,80.4,2.565,2.995,1.302,-12.826,0
Non-native,3OL9,78.3,2.442,2.901,1.256,-8.659,0
Non-native,3OL9,69,2.755,3.164,1.427,-11.965,0
Non-native,3OL9,73.6,2.693,3.987,1.394,-11.657,0
Non-native,3OL9,73.3,2.521,3.742,1.364,-10.266,0
Non-native,3OL9,69.8,2.599,3.175,1.433,-9.598,0
Non-native,3OL9,69.1,3.157,3.642,1.563,-13.876,0
Non-native,3OL9,80.6,2.417,2.932,1.269,-10.126,0
Reference,1R9F,168,0.663,1.014,0.328,-7.58,1
Reference,1R9F,160.2,0.819,1.338,0.479,-9.181,1
Reference,1R9F,188.7,0.538,1.021,0.304,-6.054,1
Reference,1R9F,196,0.554,1.145,0.279,-5.436,1
Reference,1R9F,237.8,0.429,0.848,0.23,-3.625,1
Near-native,1R9F,109.2,1.8,2.38,1.009,-14.067,1
Near-native,1R9F,113,1.743,2.383,0.997,-13.004,1
Near-native,1R9F,133.7,1.323,1.863,0.707,-13.123,1
Near-native,1R9F,113.7,1.704,2.343,0.949,-11.267,1
Near-native,1R9F,151,0.997,1.357,0.572,-10.098,1
Near-native,1R9F,112.2,2.363,2.666,1.21,-12.75,1
Near-native,1R9F,120.2,1.682,2.106,0.815,-13.053,1
Near-native,1R9F,116.7,2.191,2.748,1.165,-13.613,1
Near-native,1R9F,97.7,2.989,3.371,1.567,-13.64,1
Near-native,1R9F,144.8,1.083,1.491,0.622,-10.194,1
Non-native,1R9F,50.4,4.212,4.943,2.159,-8.919,0
Non-native,1R9F,45.7,4.962,5.691,2.407,-8.416,0
Non-native,1R9F,43.9,4.679,5.241,2.33,-9.569,0
Non-native,1R9F,45.4,4.105,5.134,2.056,-9.013,0
Non-native,1R9F,45.6,4.224,5.36,2.187,-7.412,0
Non-native,1R9F,49.7,4.817,5.325,2.256,-7.652,0
Non-native,1R9F,48.4,5.713,5.904,2.591,-7.218,0
Non-native,1R9F,50,4.673,5.646,2.198,-9.194,0
Non-native,1R9F,42.7,5.699,5.908,2.65,-7.898,0
Non-native,1R9F,43.8,4.564,5.542,2.164,-8.497,0
Reference,1UN6,96.6,1.689,2.188,0.953,-12.562,1
Reference,1UN6,104.3,1.298,1.833,0.823,-5.004,1
Reference,1UN6,92.4,1.679,1.941,0.921,-10.815,1
Reference,1UN6,114.2,1.397,1.797,0.868,-9.817,1
Reference,1UN6,96.3,1.742,2.313,1.094,-10.254,1
Near-native,1UN6,106.8,1.285,1.7,0.781,-6.538,1
Near-native,1UN6,97.7,1.403,2.14,0.935,-7.957,1
Near-native,1UN6,118.9,1.35,1.748,0.834,-2.01,1
Near-native,1UN6,98.6,1.518,2.058,0.938,-8.311,1
Near-native,1UN6,130.5,1.205,1.721,0.801,-6.747,1
Near-native,1UN6,106.2,1.44,1.997,0.89,-14.517,1
Near-native,1UN6,101.9,1.488,2.213,0.976,-9.534,1
Near-native,1UN6,133,1.234,1.884,0.868,-9.203,1
Near-native,1UN6,113.9,1.226,1.972,0.874,-6.887,1
Near-native,1UN6,107.8,1.426,2.139,0.965,-9.913,1
Non-native,1UN6,78.4,2.656,3.028,1.263,-13.51,0
Non-native,1UN6,79.2,3.01,3.168,1.423,-17.385,0
Non-native,1UN6,55.3,3.742,4.039,1.762,-14.865,0
Non-native,1UN6,75,3.002,3.367,1.474,-16.358,0
Non-native,1UN6,76.9,3.015,3.564,1.572,-18.228,0
Non-native,1UN6,63.9,3.441,3.641,1.685,-14.572,0
Non-native,1UN6,63.5,3.032,3.315,1.523,-10.427,0
Non-native,1UN6,74.4,2.954,3.113,1.446,-11.988,0
Non-native,1UN6,69.9,2.536,2.82,1.179,-16.307,0
Non-native,1UN6,71,2.457,2.709,1.198,-9.188,0
Reference,2ZZM,214,0.777,1.177,0.616,-3.898,1
Reference,2ZZM,257.9,0.564,0.846,0.462,-3.941,1
Reference,2ZZM,225.3,0.786,1.164,0.577,-3.685,1
Reference,2ZZM,256.3,0.741,1.092,0.556,-3.637,1
Reference,2ZZM,213.8,0.792,1.029,0.521,-3.538,1
Near-native,2ZZM,249.1,0.605,0.929,0.527,-5.785,1
Near-native,2ZZM,199.3,0.745,1.022,0.558,-6.646,1
Near-native,2ZZM,199.7,0.744,0.954,0.511,-9.973,1
Near-native,2ZZM,250,0.671,0.982,0.516,-5.242,1
Near-native,2ZZM,214.8,0.735,1.058,0.548,-4.336,1
Near-native,2ZZM,259.9,0.591,0.892,0.479,-2.817,1
Near-native,2ZZM,263.9,0.615,0.94,0.481,-3.816,1
Near-native,2ZZM,191.6,0.756,1.13,0.558,-6.862,1
Near-native,2ZZM,215.7,0.652,1.007,0.517,-7.466,1
Near-native,2ZZM,220.5,0.687,1.122,0.571,-10.997,1
Non-native,2ZZM,109.9,1.43,1.549,0.856,-11.519,0
Non-native,2ZZM,107.8,1.33,1.543,0.816,-8.268,0
Non-native,2ZZM,108.2,1.467,1.558,0.85,-8.116,0
Non-native,2ZZM,122.9,1.312,1.411,0.845,-7.846,0
Non-native,2ZZM,124.6,1.216,1.302,0.735,-9.203,0
Non-native,2ZZM,181.1,0.871,1.012,0.493,-14.362,0
Non-native,2ZZM,172,0.915,1.125,0.526,-10.29,0
Non-native,2ZZM,181.8,0.846,0.991,0.483,-12.146,0
Non-native,2ZZM,189.5,0.843,1.11,0.517,-9.967,0
Non-native,2ZZM,167.9,0.882,1.062,0.544,-10.949,0
Reference,3ADD,115.5,1.344,1.666,0.767,-4.876,1
Reference,3ADD,99.9,1.56,1.938,0.912,-5.538,1
Reference,3ADD,95.5,1.729,1.991,0.987,-5.294,1
Reference,3ADD,88.6,1.819,2.076,1.019,-5.141,1
Reference,3ADD,101.5,1.686,1.965,0.967,-7.241,1
Near-native,3ADD,75.7,1.906,2.248,1.161,-3.867,1
Near-native,3ADD,79.4,1.993,2.197,1.089,-7.15,1
Near-native,3ADD,71.1,2.095,2.473,1.149,-5.763,1
Near-native,3ADD,82.6,1.888,2.206,1.064,-3.856,1
Near-native,3ADD,76.4,1.943,2.253,1.082,-3.481,1
Near-native,3ADD,75.9,2.296,2.382,0.822,-3.883,1
Near-native,3ADD,78.1,2.146,2.357,0.838,-5.562,1
Near-native,3ADD,70.6,2.371,2.543,0.862,-6.727,1
Near-native,3ADD,77.8,2.093,2.43,0.855,-4.547,1
Near-native,3ADD,67.7,2.275,2.538,0.878,-5.115,1
Non-native,3ADD,67.9,2.309,2.448,1.112,-6.395,0
Non-native,3ADD,72,2.235,2.547,1.113,-7.812,0
Non-native,3ADD,70.7,2.294,2.546,1.128,-8.777,0
Non-native,3ADD,70.6,2.225,2.412,1.132,-6.227,0
Non-native,3ADD,76,2.241,2.515,1.156,-8.123,0
Non-native,3ADD,65.5,2.218,2.53,0.988,-6.391,0
Non-native,3ADD,75.4,2.068,2.521,1.012,-11.048,0
Non-native,3ADD,65.9,2.236,2.577,1.052,-6.066,0
Non-native,3ADD,56.4,2.511,2.968,1.16,-10.259,0
Non-native,3ADD,60.7,2.226,2.524,1.003,-5.313,0
Reference,2HW8,185.6,0.948,1.967,0.686,-0.447,1
Reference,2HW8,184.3,0.861,1.619,0.564,-2.037,1
Reference,2HW8,165.6,0.911,2.089,0.717,-2.416,1
Reference,2HW8,177.6,0.856,1.918,0.669,-1.924,1
Reference,2HW8,177.7,0.983,1.951,0.655,-3.982,1
Near-native,2HW8,209.3,0.656,0.794,0.432,-3.901,1
Near-native,2HW8,283.4,0.45,0.814,0.478,-7.26,1
Near-native,2HW8,217.9,0.51,1.005,0.556,-9.035,1
Near-native,2HW8,247.3,0.499,0.934,0.491,-4.858,1
Near-native,2HW8,223.4,0.535,0.95,0.474,-7.131,1
Near-native,2HW8,246,0.687,1.339,0.613,-9.981,1
Near-native,2HW8,200.7,0.647,1.342,0.624,-8.234,1
Near-native,2HW8,236.5,0.471,1,0.463,-6.033,1
Near-native,2HW8,173.7,0.748,1.544,0.701,-6.555,1
Near-native,2HW8,234.2,0.556,1.038,0.542,-8.597,1
Non-native,2HW8,132.4,1.308,1.708,0.828,-9.885,0
Non-native,2HW8,84.3,2.527,2.883,1.4,-9.208,0
Non-native,2HW8,103.6,1.971,2.121,1.031,-10.198,0
Non-native,2HW8,105.4,2.122,2.507,1.233,-12.387,0
Non-native,2HW8,83.8,2.486,2.933,1.43,-9.223,0
Non-native,2HW8,149.3,1.022,1.39,0.657,-9.93,0
Non-native,2HW8,122.5,1.257,1.7,0.797,-7.53,0
Non-native,2HW8,164.7,0.942,1.233,0.609,-8.005,0
Non-native,2HW8,174.6,0.837,1.361,0.639,-7.415,0
Non-native,2HW8,158.4,0.923,1.192,0.601,-8.457,0
